Valor del Likelihood más alto: 0.9994929634639113
l1: 0.22041168191392527
l4Sig: 0.1887485410093224
l4Eta: 0.13820942526812763
lHSig: 0.6932872608817021
l31HEta: 0.12017938441861323
l32HEta: 0.22642045182218948
l33HEta: 0.3138860065582943
lEtaSig: 0.46357008362721597
MSig2: 1162460.8919371893
MEta2: 634552.5635103643
mH2: 828.318860704774
mN11: 897.9289915005179
mN22: 902.1228020950887
mN33: 967.3791090955409
mnu1: 1.1883961905823544e-25
cTri: -816.242063491893
dm212: 7.69213236004277e-23
dm312: 2.371798136092662e-21
theta_12: 0.5832000746800134
theta_13: 0.15027639322315572
theta_23: 0.8437750431162181
delta_d: 3.633567325995087
delta_m1: 0.22758015586372454
delta_m2: 0.5082161176544215
delta_m3: 3.1245022109079947
Theta1: 0.2849838583614806
Theta2: 2.1457059456686194
Theta3: 2.5135650813466253
alpha: 2.152054483057259
MH: 125.052422
Omega_h2: 0.119916
sigSI: 7.515186e-48
chargeDM: 1.0
BrMEG: 1.11865812e-27
BrM3E: 9.88095098e-30
BrTEG: 2.08414367e-28
BrTMG: 3.60604553e-28
BrT3E: 2.88936952e-30
BrT3M: 1.5693009e-30
BrTMp2E: 1.94770939e-48
BrTMm2E: 4.69126041e-30
BrTEp2M: 3.27745421e-48
BrTEm2M: 7.42384636e-31
BrTEpi: 4.69320462e-55
BrTEeta: 6.95370468e-56
BrTEetaP: 7.66969614e-56
BrTMpi: 3.24951325e-56
BrTMeta: 4.80465318e-57
BrTMetaP: 5.26088756e-57
CrTi: 2.69457317e-29
CrPb: 2.07868325e-29
CrAu: 2.20988292e-29
BrZEM: 2.32541284e-32
BrZET: 2.47398206e-32
BrZMT: 4.14096299e-32
BrH_WW: 0.217807276
BrH_ZZ: 0.0235847729
BrH_yy: -1000000000000000.0
BrH_bb: 0.573968129
BrH_ee: -1000000000000000.0
BrH_mumu: 0.000230728572
BrH_tautau: 0.0666001017
RYn_11: -5.36069115e-06
RYn_12: 3.56680355e-06
RYn_13: -1.67216561e-05
RYn_21: -1.47518449e-05
RYn_22: 1.96864525e-05
RYn_23: -8.06167919e-06
RYn_31: 8.23083914e-06
RYn_32: -9.03703021e-06
RYn_33: 1.19844673e-05
IYn11: 1.14274594e-06
IYn12: -5.21611574e-08
IYn13: 9.31428046e-06
IYn21: 5.50929349e-07
IYn22: -4.18613389e-06
IYn23: 4.4905086e-06
IYn31: -8.19009887e-07
IYn32: 1.53826195e-06
IYn33: -6.67557635e-06
MDM: 804.210487
sigSIproton: 7.515186e-48
sigSIneutron: 7.749428e-48
MP01: 804.790336
MP02: 1127.61181
MEtI: 804.210487
MEtP: 806.265983
MX01: 897.928992
MX02: 902.122802
MX03: 967.379109
m_nu1_Inputs: 1.1883961905823544e-25
Dnu_21_Inputs: 8.77048023773e-12
Dnu_31_Inputs: 4.87011102142e-11
m_nu1_CI: 1.1883961905823544e-25
m_nu2_CI: 8.77048023773e-12
m_nu3_CI: 4.87011102142e-11
m_nu1_SPheno: 2.74916565e-19
m_nu2_SPheno: 6.97790987e-12
m_nu3_SPheno: 3.82872305e-11
Zscalar11: -0.174018193
Zscalar12: -0.984742438
Zscalar21: -0.984742438
Zscalar22: 0.174018193
RZX11: -1.0
RZX12: -1.02988906e-09
RZX13: 5.41737216e-11
RZX21: 1.02988969e-09
RZX22: -1.0
RZX23: -6.31792994e-11
RZX31: 5.41737216e-11
RZX32: -6.31792993e-11
RZX33: 1.0
g_2e: 2.21008732e-25
g_2m: 2.09899925e-14
g_2t: 9.50971098e-10
Spar: -0.000274486146
Tpar: 0.000220231838
Upar: 1.49723561e-05
BrHEM: 3.60495491e-50
BrHET: 3.02417049e-45
BrHTM: 2.21207659e-40
Sig: 1162460.89
Eta: 634552.564
GammaH1: 0.00387623443
GammaH2: -1000000000000000.0
Likelihood: 0.9994929634639113


